40011
40101
50001
40111
40010
40101
50011
50111
41100
40110
50010
50001
50001
40111
41100
40011
40101
50001
40111
40010
40101
50011
50010
41100
40110
50010
40111
40111
50011
50011
50011
50011
40111
40111
50010
50010
41100
50010
50010
50010
50010
50001
50001
50001
40111
50010
50010
50010
50010
50001
50001
50001
40111
40110
40111
40101
50011
50011
50101
51100
50011
50010
50010
41100
50010
50010
50010
50010
50001
50001
50001
40111
50010
50010
50010
50010
50111
50111
50111
50001
40110
40111
40101
40011
40101
50001
40111
40010
41100
50011
50010
40101
40111
50110
51100
50101
41100
40011
40101
50001
40111
40010
41100
50011
50010
40101
40111
50110
51100
50101